data/image/000001.jpg 3 291.0 1377.0 1700.0 1927.0 
data/image/000002.jpg 3 517.0 1327.0 1430.0 2141.0 
data/image/000005.jpg 3 948.0 1307.0 2092.0 2104.0 
data/image/000006.jpg 3 919.0 1363.0 2085.0 2052.0 
data/image/000007.jpg 3 971.0 1345.0 2046.0 2086.0 
data/image/000008.jpg 3 996.0 884.0 2089.0 1623.0 
data/image/000009.jpg 3 1021.0 889.0 2092.0 1630.0 
data/image/000012.jpg 3 1367.0 468.0 2075.0 1720.0 
data/image/000013.jpg 3 492.0 379.0 1364.0 1809.0 
data/image/000014.jpg 3 614.0 384.0 1485.0 1777.0 
data/image/000015.jpg 3 383.0 1157.0 1612.0 1979.0 
data/image/000019.jpg 3 251.0 1163.0 1566.0 1979.0 
data/image/000024.jpg 3 178.0 1163.0 1544.0 1972.0 
data/image/000025.jpg 3 182.0 1154.0 1550.0 1943.0 
data/image/000027.jpg 3 125.0 1166.0 1492.0 1970.0 
data/image/000028.jpg 3 121.0 1154.0 1517.0 1970.0 
data/image/000029.jpg 3 125.0 1164.0 1489.0 1954.0 
data/image/000031.jpg 3 366.0 605.0 1648.0 1816.0 
data/image/000035.jpg 3 809.0 1230.0 2314.0 1961.0 
data/image/000039.jpg 3 760.0 977.0 1957.0 2079.0 
data/image/000039.jpg 2 923.0 189.0 1673.0 923.0 
data/image/000039.jpg 0 1735.0 207.0 1919.0 1380.0 
data/image/000041.jpg 3 766.0 993.0 1951.0 2125.0 
data/image/000041.jpg 2 932.0 191.0 1687.0 918.0 
data/image/000041.jpg 0 1716.0 200.0 1919.0 1373.0 
data/image/000042.jpg 3 773.0 988.0 1967.0 2106.0 
data/image/000042.jpg 2 900.0 195.0 1712.0 938.0 
data/image/000042.jpg 0 1726.0 207.0 1916.0 1386.0 
data/image/000043.jpg 3 535.0 1379.0 1769.0 1916.0 
data/image/000044.jpg 3 467.0 1398.0 1789.0 1925.0 
data/image/000045.jpg 3 475.0 1386.0 1809.0 1909.0 
data/image/000047.jpg 3 1053.0 1386.0 2196.0 1877.0 
data/image/000048.jpg 3 1021.0 1266.0 2135.0 2104.0 
data/image/000049.jpg 3 1012.0 1325.0 2167.0 2086.0 
data/image/000050.jpg 3 958.0 1332.0 2187.0 2097.0 
data/image/000052.jpg 3 969.0 1350.0 2185.0 2093.0 
data/image/000053.jpg 3 939.0 1338.0 2196.0 2122.0 
data/image/000054.jpg 3 925.0 1354.0 2250.0 2106.0 
data/image/000056.jpg 3 894.0 1329.0 2226.0 2106.0 
data/image/000057.jpg 3 703.0 730.0 1539.0 1850.0 
data/image/000059.jpg 3 757.0 782.0 1389.0 1791.0 
data/image/000060.jpg 3 896.0 916.0 2112.0 1641.0 
data/image/000062.jpg 3 550.0 907.0 1785.0 1607.0 
data/image/000063.jpg 3 555.0 927.0 1766.0 1623.0 
data/image/000064.jpg 3 1223.0 479.0 2030.0 1648.0 
data/image/000067.jpg 3 441.0 393.0 1173.0 1777.0 
data/image/000068.jpg 3 437.0 398.0 1207.0 1777.0 
data/image/000069.jpg 3 114.0 1164.0 1428.0 1952.0 
data/image/000070.jpg 3 119.0 1150.0 1432.0 1970.0 
data/image/000075.jpg 3 160.0 1173.0 1392.0 1973.0 
data/image/000076.jpg 3 157.0 1166.0 1369.0 1975.0 
data/image/000077.jpg 3 191.0 1168.0 1351.0 1968.0 
data/image/000077.jpg 1 1948.0 556.0 2225.0 723.0 
data/image/000078.jpg 1 1960.0 566.0 2203.0 736.0 
data/image/000078.jpg 3 205.0 1150.0 1353.0 2007.0 
data/image/000083.jpg 1 591.0 563.0 910.0 734.0 
data/image/000083.jpg 3 953.0 1204.0 2169.0 2027.0 
data/image/000084.jpg 1 564.0 552.0 883.0 752.0 
data/image/000084.jpg 3 1000.0 1138.0 2223.0 2047.0 
data/image/000085.jpg 3 982.0 1168.0 2248.0 2041.0 
data/image/000085.jpg 1 533.0 563.0 860.0 729.0 
data/image/000086.jpg 3 791.0 682.0 1633.0 1727.0 
data/image/000090.jpg 3 998.0 634.0 1896.0 1884.0 
data/image/000091.jpg 3 1033.0 659.0 1903.0 1863.0 
data/image/000092.jpg 3 908.0 1193.0 2187.0 1916.0 
data/image/000093.jpg 3 901.0 1211.0 2187.0 1932.0 
data/image/000096.jpg 3 785.0 1220.0 2130.0 1934.0 
data/image/000098.jpg 3 716.0 1195.0 2089.0 1943.0 
data/image/000099.jpg 3 658.0 1195.0 2046.0 1977.0 
data/image/000100.jpg 3 821.0 997.0 1734.0 2152.0 
data/image/000100.jpg 2 896.0 222.0 1394.0 952.0 
data/image/000100.jpg 0 1732.0 125.0 1942.0 1402.0 
data/image/000101.jpg 2 889.0 204.0 1383.0 922.0 
data/image/000101.jpg 3 821.0 989.0 1762.0 2145.0 
data/image/000101.jpg 0 1719.0 134.0 1957.0 1413.0 
data/image/000102.jpg 0 784.0 193.0 1051.0 1364.0 
data/image/000102.jpg 3 916.0 980.0 1873.0 2095.0 
data/image/000102.jpg 2 1367.0 266.0 1767.0 918.0 
data/image/000104.jpg 0 769.0 205.0 1026.0 1386.0 
data/image/000104.jpg 2 1314.0 272.0 1760.0 932.0 
data/image/000104.jpg 3 876.0 970.0 1878.0 2016.0 
data/image/000105.jpg 3 760.0 1359.0 1730.0 1934.0 
data/image/000107.jpg 3 658.0 1366.0 1764.0 1923.0 
data/image/000110.jpg 3 441.0 1370.0 1512.0 1955.0 
data/image/000111.jpg 3 466.0 1379.0 1519.0 1929.0 
data/image/000112.jpg 3 603.0 1338.0 1655.0 2123.0 
data/image/000115.jpg 3 658.0 1332.0 1610.0 2114.0 
data/image/000116.jpg 3 689.0 1348.0 1653.0 2141.0 
data/image/000119.jpg 3 980.0 1327.0 2067.0 2147.0 
data/image/000120.jpg 3 953.0 1322.0 2108.0 2143.0 
data/image/000122.jpg 3 937.0 1352.0 2133.0 2120.0 
data/image/000124.jpg 3 1155.0 748.0 1934.0 1736.0 
data/image/000124.jpg 1 1494.0 550.0 1748.0 759.0 
data/image/000125.jpg 3 594.0 889.0 1882.0 1629.0 
data/image/000125.jpg 1 601.0 1138.0 839.0 1305.0 
data/image/000126.jpg 3 601.0 880.0 1857.0 1614.0 
data/image/000126.jpg 1 583.0 1116.0 846.0 1322.0 
data/image/000127.jpg 3 685.0 888.0 1862.0 1602.0 
data/image/000127.jpg 1 541.0 1114.0 816.0 1311.0 
data/image/000131.jpg 3 792.0 873.0 1825.0 1611.0 
data/image/000131.jpg 1 492.0 1079.0 875.0 1330.0 
data/image/000132.jpg 3 1158.0 516.0 1992.0 1661.0 
data/image/000133.jpg 3 1132.0 514.0 1898.0 1675.0 
data/image/000134.jpg 3 1096.0 486.0 1844.0 1700.0 
data/image/000135.jpg 3 1098.0 498.0 1905.0 1684.0 
data/image/000136.jpg 3 762.0 502.0 1355.0 1695.0 
data/image/000137.jpg 3 700.0 493.0 1303.0 1705.0 
data/image/000138.jpg 3 891.0 1152.0 1692.0 1993.0 
data/image/000139.jpg 3 991.0 1175.0 1894.0 2039.0 
data/image/000140.jpg 3 1010.0 1168.0 1967.0 2075.0 
data/image/000142.jpg 3 580.0 1211.0 2062.0 2011.0 
data/image/000143.jpg 3 646.0 1213.0 2044.0 2013.0 
data/image/000145.jpg 3 935.0 973.0 1605.0 2173.0 
data/image/000145.jpg 0 1555.0 116.0 1853.0 1364.0 
data/image/000146.jpg 3 930.0 988.0 1657.0 2173.0 
data/image/000146.jpg 0 1628.0 116.0 1853.0 1413.0 
data/image/000147.jpg 3 939.0 972.0 1700.0 2166.0 
data/image/000147.jpg 0 1628.0 120.0 1867.0 1402.0 
data/image/000148.jpg 3 894.0 984.0 1721.0 2164.0 
data/image/000148.jpg 0 1600.0 116.0 1859.0 1402.0 
data/image/000153.jpg 3 380.0 1070.0 1569.0 1802.0 
data/image/000153.jpg 3 1598.0 413.0 2242.0 1920.0 
data/image/000154.jpg 3 378.0 1061.0 1550.0 1820.0 
data/image/000154.jpg 3 1550.0 404.0 2223.0 1916.0 
data/image/000155.jpg 3 392.0 1063.0 1450.0 1809.0 
data/image/000155.jpg 3 1521.0 429.0 2198.0 1905.0 
data/image/000156.jpg 3 414.0 1056.0 1453.0 1813.0 
data/image/000156.jpg 3 1508.0 425.0 2192.0 1904.0 
data/image/000157.jpg 3 414.0 1063.0 1455.0 1829.0 
data/image/000157.jpg 3 1469.0 411.0 2173.0 1893.0 
data/image/000158.jpg 3 407.0 366.0 1151.0 1941.0 
data/image/000158.jpg 3 1135.0 1057.0 2241.0 1918.0 
data/image/000159.jpg 3 428.0 389.0 1151.0 1973.0 
data/image/000159.jpg 3 1150.0 1073.0 2242.0 1838.0 
data/image/000160.jpg 3 405.0 389.0 1158.0 1952.0 
data/image/000160.jpg 3 1230.0 1075.0 2200.0 1889.0 
data/image/000161.jpg 3 428.0 375.0 1198.0 1938.0 
data/image/000161.jpg 3 1180.0 1088.0 2187.0 1847.0 
data/image/000162.jpg 3 442.0 363.0 1216.0 2005.0 
data/image/000162.jpg 3 1233.0 1072.0 2171.0 1863.0 
data/image/000163.jpg 3 451.0 393.0 1223.0 1998.0 
data/image/000163.jpg 3 1255.0 1070.0 2137.0 1855.0 
data/image/000164.jpg 3 448.0 382.0 1219.0 1980.0 
data/image/000164.jpg 3 1280.0 1075.0 2173.0 1857.0 
data/image/000168.jpg 3 501.0 782.0 1519.0 1864.0 
data/image/000168.jpg 3 1501.0 452.0 2255.0 2034.0 
data/image/000169.jpg 3 467.0 770.0 1492.0 1888.0 
data/image/000169.jpg 3 1507.0 452.0 2250.0 2038.0 
data/image/000170.jpg 3 451.0 786.0 1496.0 1875.0 
data/image/000170.jpg 3 1508.0 459.0 2241.0 2029.0 
data/image/000172.jpg 3 626.0 493.0 1273.0 1945.0 
data/image/000172.jpg 3 1100.0 773.0 2107.0 1904.0 
data/image/000173.jpg 3 553.0 484.0 1269.0 2011.0 
data/image/000173.jpg 3 1162.0 761.0 2178.0 1897.0 
data/image/000174.jpg 3 535.0 475.0 1269.0 1964.0 
data/image/000174.jpg 3 1173.0 777.0 2201.0 1848.0 
data/image/000175.jpg 3 514.0 463.0 1230.0 1977.0 
data/image/000175.jpg 3 1180.0 768.0 2217.0 1868.0 
data/image/000176.jpg 3 530.0 477.0 1208.0 1959.0 
data/image/000176.jpg 3 1189.0 780.0 2219.0 1830.0 
data/image/000177.jpg 3 523.0 468.0 1205.0 2002.0 
data/image/000177.jpg 3 1171.0 786.0 2208.0 1886.0 
data/image/000179.jpg 3 469.0 479.0 1173.0 2004.0 
data/image/000179.jpg 3 1217.0 784.0 2232.0 1923.0 
data/image/000182.jpg 1 1355.0 759.0 1533.0 1102.0 
data/image/000183.jpg 2 503.0 997.0 1116.0 1638.0 
data/image/000183.jpg 2 907.0 863.0 1762.0 1679.0 
data/image/000183.jpg 1 805.0 459.0 1137.0 639.0 
data/image/000183.jpg 1 885.0 554.0 1171.0 777.0 
data/image/000185.jpg 2 466.0 991.0 1176.0 1780.0 
data/image/000185.jpg 2 2067.0 845.0 2558.0 1716.0 
data/image/000185.jpg 1 1735.0 531.0 2191.0 805.0 
data/image/000185.jpg 1 569.0 370.0 714.0 618.0 
data/image/000186.jpg 1 803.0 345.0 1080.0 593.0 
data/image/000186.jpg 1 2050.0 572.0 2266.0 855.0 
data/image/000186.jpg 2 2144.0 907.0 2383.0 1652.0 
data/image/000186.jpg 2 1108.0 991.0 1405.0 1838.0 
data/image/000188.jpg 1 1092.0 491.0 1387.0 705.0 
data/image/000188.jpg 2 332.0 1059.0 880.0 1911.0 
data/image/000189.jpg 2 1032.0 1304.0 1633.0 1973.0 
data/image/000189.jpg 2 1957.0 1059.0 2344.0 1723.0 
data/image/000189.jpg 1 1023.0 357.0 1353.0 573.0 
data/image/000189.jpg 1 2142.0 722.0 2253.0 964.0 
data/image/000191.jpg 0 639.0 322.0 889.0 1463.0 
data/image/000191.jpg 0 937.0 314.0 1430.0 1507.0 
data/image/000191.jpg 1 1591.0 836.0 1778.0 1229.0 
data/image/000192.jpg 0 394.0 238.0 876.0 1513.0 
data/image/000192.jpg 0 1630.0 400.0 2405.0 1473.0 
data/image/000192.jpg 1 1548.0 875.0 1750.0 1223.0 
data/image/000193.jpg 1 928.0 1327.0 1171.0 1539.0 
data/image/000194.jpg 1 891.0 1286.0 1190.0 1527.0 
data/image/000195.jpg 1 718.0 677.0 1075.0 946.0 
data/image/000196.jpg 1 1214.0 753.0 1546.0 1059.0 
data/image/000198.jpg 1 1269.0 734.0 1426.0 971.0 
data/image/000401.jpg 2 399.0 1073.0 1188.0 1895.0 
data/image/000401.jpg 1 1621.0 720.0 1819.0 1152.0 
data/image/000402.jpg 2 387.0 1089.0 1170.0 1886.0 
data/image/000402.jpg 1 1610.0 711.0 1810.0 1114.0 
data/image/000403.jpg 1 1617.0 723.0 1808.0 1116.0 
data/image/000403.jpg 2 349.0 1064.0 1167.0 1886.0 
data/image/000404.jpg 2 367.0 1073.0 1172.0 1898.0 
data/image/000404.jpg 1 1613.0 743.0 1794.0 1114.0 
data/image/000405.jpg 2 367.0 1070.0 1142.0 1891.0 
data/image/000405.jpg 1 1597.0 736.0 1788.0 1116.0 
data/image/000408.jpg 2 376.0 1082.0 1115.0 1898.0 
data/image/000408.jpg 1 1597.0 741.0 1779.0 1077.0 
data/image/000409.jpg 1 1562.0 723.0 1783.0 1127.0 
data/image/000409.jpg 2 303.0 1102.0 1178.0 1884.0 
data/image/000413.jpg 2 456.0 1077.0 1131.0 1923.0 
data/image/000413.jpg 1 1503.0 745.0 1662.0 1109.0 
data/image/000414.jpg 2 442.0 1075.0 1169.0 1914.0 
data/image/000414.jpg 1 1512.0 777.0 1665.0 1104.0 
data/image/000417.jpg 2 458.0 1075.0 1137.0 1900.0 
data/image/000417.jpg 1 1479.0 741.0 1646.0 1104.0 
data/image/000418.jpg 1 1471.0 768.0 1654.0 1095.0 
data/image/000418.jpg 2 485.0 1070.0 1158.0 1923.0 
data/image/000419.jpg 2 483.0 1082.0 1170.0 1932.0 
data/image/000419.jpg 1 1460.0 755.0 1653.0 1123.0 
data/image/000420.jpg 2 492.0 1088.0 1147.0 1938.0 
data/image/000420.jpg 1 1478.0 766.0 1610.0 1104.0 
data/image/000421.jpg 2 531.0 1079.0 1138.0 1913.0 
data/image/000421.jpg 1 1472.0 759.0 1604.0 1095.0 
data/image/000423.jpg 2 537.0 1079.0 1119.0 1938.0 
data/image/000423.jpg 1 1453.0 761.0 1631.0 1109.0 
data/image/000424.jpg 2 531.0 1068.0 1156.0 1945.0 
data/image/000424.jpg 1 1456.0 770.0 1585.0 1106.0 
data/image/000425.jpg 2 558.0 1073.0 1167.0 1923.0 
data/image/000425.jpg 1 1458.0 777.0 1594.0 1102.0 
data/image/000426.jpg 1 1433.0 807.0 1578.0 1111.0 
data/image/000426.jpg 2 542.0 1068.0 1133.0 1916.0 
data/image/000427.jpg 2 563.0 1041.0 1172.0 1923.0 
data/image/000427.jpg 1 1433.0 777.0 1590.0 1100.0 
data/image/000428.jpg 2 579.0 1061.0 1178.0 1914.0 
data/image/000428.jpg 1 1437.0 791.0 1560.0 1091.0 
data/image/000430.jpg 2 576.0 1057.0 1145.0 1916.0 
data/image/000430.jpg 1 1419.0 814.0 1553.0 1082.0 
data/image/000432.jpg 2 1572.0 1084.0 2158.0 1852.0 
data/image/000432.jpg 1 992.0 752.0 1197.0 1104.0 
data/image/000434.jpg 2 1542.0 1056.0 2131.0 1857.0 
data/image/000434.jpg 1 1022.0 707.0 1226.0 1157.0 
data/image/000435.jpg 1 1028.0 745.0 1203.0 1131.0 
data/image/000435.jpg 2 1571.0 1095.0 2120.0 1863.0 
data/image/000436.jpg 1 1028.0 734.0 1215.0 1136.0 
data/image/000436.jpg 2 1565.0 1093.0 2101.0 1823.0 
data/image/000437.jpg 2 1581.0 1048.0 2076.0 1875.0 
data/image/000437.jpg 1 1015.0 700.0 1244.0 1152.0 
data/image/000438.jpg 1 1028.0 748.0 1233.0 1138.0 
data/image/000438.jpg 2 1597.0 1072.0 2079.0 1861.0 
data/image/000440.jpg 1 1029.0 732.0 1249.0 1127.0 
data/image/000440.jpg 2 1522.0 1073.0 2067.0 1886.0 
data/image/000442.jpg 1 1090.0 745.0 1256.0 1109.0 
data/image/000442.jpg 2 1546.0 1068.0 2033.0 1848.0 
data/image/000443.jpg 1 1119.0 768.0 1269.0 1113.0 
data/image/000443.jpg 2 1562.0 1059.0 2024.0 1852.0 
data/image/000444.jpg 1 1104.0 770.0 1267.0 1120.0 
data/image/000444.jpg 2 1549.0 1048.0 2038.0 1864.0 
data/image/000446.jpg 2 897.0 230.0 1397.0 936.0 
data/image/000447.jpg 2 879.0 245.0 1367.0 932.0 
data/image/000449.jpg 2 881.0 252.0 1335.0 927.0 
data/image/000450.jpg 2 913.0 247.0 1376.0 950.0 
data/image/000451.jpg 2 854.0 204.0 1588.0 943.0 
data/image/000451.jpg 3 717.0 988.0 1945.0 2132.0 
data/image/000451.jpg 0 1770.0 198.0 1962.0 1395.0 
data/image/000452.jpg 0 1776.0 202.0 1967.0 1411.0 
data/image/000452.jpg 3 733.0 979.0 1933.0 2098.0 
data/image/000452.jpg 2 854.0 193.0 1587.0 964.0 
data/image/000455.jpg 0 1745.0 204.0 1962.0 1404.0 
data/image/000455.jpg 2 812.0 211.0 1662.0 923.0 
data/image/000455.jpg 3 738.0 979.0 1935.0 2093.0 
data/image/000456.jpg 3 753.0 979.0 1970.0 2111.0 
data/image/000456.jpg 2 806.0 189.0 1651.0 930.0 
data/image/000456.jpg 0 1738.0 189.0 1963.0 1402.0 
data/image/000457.jpg 3 751.0 989.0 1956.0 2109.0 
data/image/000457.jpg 2 820.0 175.0 1654.0 923.0 
data/image/000457.jpg 0 1720.0 214.0 1965.0 1393.0 
data/image/000458.jpg 3 762.0 964.0 1990.0 2125.0 
data/image/000458.jpg 2 854.0 175.0 1685.0 938.0 
data/image/000458.jpg 0 1726.0 216.0 1938.0 1405.0 
data/image/000460.jpg 2 885.0 170.0 1687.0 952.0 
data/image/000460.jpg 0 1712.0 205.0 1942.0 1414.0 
data/image/000460.jpg 3 765.0 991.0 1970.0 2109.0 
data/image/000461.jpg 3 753.0 972.0 1970.0 2100.0 
data/image/000461.jpg 2 888.0 180.0 1706.0 918.0 
data/image/000461.jpg 0 1695.0 204.0 1931.0 1429.0 
data/image/000463.jpg 3 754.0 970.0 1981.0 2081.0 
data/image/000463.jpg 2 904.0 189.0 1719.0 936.0 
data/image/000463.jpg 0 1690.0 218.0 1895.0 1429.0 
data/image/000465.jpg 2 865.0 173.0 1687.0 943.0 
data/image/000465.jpg 3 792.0 972.0 1967.0 2132.0 
data/image/000465.jpg 0 1674.0 198.0 1895.0 1452.0 
data/image/000466.jpg 3 804.0 977.0 1906.0 2093.0 
data/image/000466.jpg 0 1658.0 218.0 1865.0 1400.0 
data/image/000466.jpg 2 881.0 164.0 1674.0 914.0 
data/image/000468.jpg 3 837.0 975.0 1944.0 2109.0 
data/image/000468.jpg 0 1646.0 222.0 1874.0 1400.0 
data/image/000468.jpg 2 931.0 157.0 1672.0 922.0 
data/image/000470.jpg 3 858.0 964.0 1910.0 2102.0 
data/image/000470.jpg 0 1628.0 230.0 1785.0 1429.0 
data/image/000470.jpg 2 944.0 177.0 1646.0 961.0 
data/image/000471.jpg 2 1349.0 223.0 1772.0 918.0 
data/image/000472.jpg 2 1304.0 223.0 1778.0 948.0 
data/image/000473.jpg 2 1349.0 173.0 1792.0 922.0 
data/image/000474.jpg 2 1097.0 252.0 1760.0 952.0 
data/image/000474.jpg 0 653.0 161.0 949.0 1402.0 
data/image/000474.jpg 3 740.0 973.0 1906.0 2114.0 
data/image/000476.jpg 2 1063.0 263.0 1749.0 923.0 
data/image/000476.jpg 0 692.0 109.0 945.0 1372.0 
data/image/000476.jpg 3 754.0 941.0 1908.0 2131.0 
data/image/000477.jpg 2 1067.0 272.0 1744.0 930.0 
data/image/000477.jpg 0 678.0 143.0 962.0 1418.0 
data/image/000477.jpg 3 704.0 943.0 1924.0 2104.0 
data/image/000478.jpg 0 676.0 131.0 944.0 1443.0 
data/image/000478.jpg 2 1062.0 248.0 1740.0 961.0 
data/image/000478.jpg 3 663.0 950.0 1879.0 2134.0 
data/image/000479.jpg 2 1040.0 241.0 1715.0 943.0 
data/image/000479.jpg 0 697.0 132.0 933.0 1416.0 
data/image/000479.jpg 3 706.0 984.0 1895.0 2150.0 
data/image/000480.jpg 2 1024.0 281.0 1740.0 986.0 
data/image/000480.jpg 0 706.0 131.0 978.0 1397.0 
data/image/000480.jpg 3 681.0 950.0 1851.0 2157.0 
data/image/000481.jpg 2 1008.0 286.0 1729.0 947.0 
data/image/000481.jpg 0 678.0 102.0 940.0 1397.0 
data/image/000481.jpg 3 717.0 963.0 1878.0 2125.0 
data/image/000483.jpg 2 990.0 295.0 1733.0 941.0 
data/image/000483.jpg 0 719.0 97.0 985.0 1379.0 
data/image/000483.jpg 3 679.0 950.0 1826.0 2164.0 
data/image/000484.jpg 2 981.0 250.0 1713.0 895.0 
data/image/000484.jpg 0 735.0 98.0 974.0 1400.0 
data/image/000484.jpg 3 663.0 957.0 1840.0 2148.0 
data/image/000485.jpg 2 976.0 256.0 1720.0 939.0 
data/image/000485.jpg 0 753.0 118.0 1010.0 1391.0 
data/image/000485.jpg 3 676.0 955.0 1876.0 2200.0 
data/image/000488.jpg 2 615.0 1079.0 1217.0 1909.0 
data/image/000490.jpg 2 633.0 1050.0 1187.0 1961.0 
data/image/000491.jpg 2 699.0 1063.0 1197.0 1911.0 
data/image/000492.jpg 2 690.0 1057.0 1238.0 1943.0 
data/image/000494.jpg 2 1471.0 1057.0 2244.0 1913.0 
data/image/000494.jpg 1 838.0 768.0 1078.0 1141.0 
data/image/000496.jpg 1 844.0 734.0 1074.0 1136.0 
data/image/000496.jpg 2 1510.0 1073.0 2290.0 1905.0 
data/image/000498.jpg 2 1469.0 1047.0 2308.0 1891.0 
data/image/000498.jpg 1 804.0 748.0 1083.0 1129.0 
data/image/000499.jpg 2 1496.0 1048.0 2315.0 1872.0 
data/image/000499.jpg 1 844.0 755.0 1090.0 1139.0 
data/image/000500.jpg 2 1469.0 1070.0 2287.0 1913.0 
data/image/000500.jpg 1 815.0 720.0 1128.0 1175.0 
data/image/000502.jpg 2 1413.0 1068.0 2308.0 1909.0 
data/image/000502.jpg 1 824.0 755.0 1113.0 1131.0 
data/image/000503.jpg 2 1487.0 1056.0 2319.0 1886.0 
data/image/000503.jpg 1 792.0 738.0 1076.0 1166.0 
data/image/000504.jpg 1 853.0 734.0 1101.0 1143.0 
data/image/000504.jpg 2 1406.0 1036.0 2397.0 1904.0 
data/image/000507.jpg 1 1651.0 730.0 1860.0 1127.0 
data/image/000507.jpg 2 494.0 1045.0 1269.0 1848.0 
data/image/000509.jpg 2 495.0 1095.0 1274.0 1882.0 
data/image/000509.jpg 1 1626.0 698.0 1862.0 1134.0 
data/image/000510.jpg 2 454.0 1057.0 1215.0 1897.0 
data/image/000510.jpg 1 1635.0 747.0 1872.0 1134.0 
data/image/000513.jpg 2 429.0 1079.0 1201.0 1875.0 
data/image/000513.jpg 1 1629.0 736.0 1883.0 1138.0 
data/image/000514.jpg 2 421.0 1077.0 1208.0 1879.0 
data/image/000514.jpg 1 1628.0 734.0 1883.0 1166.0 
data/image/000515.jpg 2 406.0 1073.0 1213.0 1877.0 
data/image/000515.jpg 1 1651.0 754.0 1862.0 1136.0 
data/image/000516.jpg 2 469.0 1088.0 1229.0 1872.0 
data/image/000516.jpg 1 1642.0 750.0 1844.0 1122.0 
data/image/000520.jpg 2 396.0 1089.0 1254.0 1916.0 
data/image/000520.jpg 1 1638.0 743.0 1856.0 1147.0 
data/image/000521.jpg 2 388.0 1070.0 1269.0 1905.0 
data/image/000521.jpg 1 1631.0 709.0 1854.0 1156.0 
data/image/000523.jpg 3 742.0 986.0 1942.0 2172.0 
data/image/000523.jpg 2 833.0 179.0 1533.0 932.0 
data/image/000523.jpg 0 1767.0 161.0 1999.0 1438.0 
data/image/000524.jpg 3 863.0 986.0 1922.0 2079.0 
data/image/000524.jpg 2 958.0 163.0 1649.0 916.0 
data/image/000524.jpg 0 1610.0 227.0 1799.0 1423.0 
data/image/000525.jpg 3 879.0 972.0 1876.0 2081.0 
data/image/000525.jpg 2 976.0 177.0 1801.0 922.0 
data/image/000525.jpg 0 1610.0 220.0 1794.0 1400.0 
data/image/000526.jpg 3 874.0 955.0 1895.0 2082.0 
data/image/000526.jpg 2 992.0 147.0 1858.0 930.0 
data/image/000526.jpg 0 1542.0 227.0 1779.0 1368.0 
data/image/000528.jpg 0 815.0 95.0 1015.0 1397.0 
data/image/000528.jpg 2 978.0 213.0 1687.0 984.0 
data/image/000528.jpg 3 667.0 973.0 1781.0 2109.0 
data/image/000529.jpg 0 835.0 100.0 1013.0 1423.0 
data/image/000529.jpg 2 942.0 275.0 1651.0 963.0 
data/image/000529.jpg 3 670.0 954.0 1767.0 2139.0 
data/image/000530.jpg 2 706.0 1048.0 1217.0 1941.0 
data/image/000531.jpg 2 1278.0 1107.0 1812.0 1909.0 
data/image/000531.jpg 1 994.0 763.0 1194.0 1136.0 
data/image/000532.jpg 1 1003.0 757.0 1215.0 1156.0 
data/image/000532.jpg 2 1294.0 1079.0 1799.0 1911.0 
data/image/000533.jpg 2 1308.0 1056.0 1851.0 1916.0 
data/image/000533.jpg 1 1001.0 780.0 1163.0 1123.0 
data/image/000537.jpg 1 976.0 766.0 1149.0 1123.0 
data/image/000537.jpg 2 1308.0 1066.0 1895.0 1920.0 
data/image/000538.jpg 1 945.0 772.0 1158.0 1148.0 
data/image/000538.jpg 2 1340.0 1064.0 1920.0 1954.0 
data/image/000540.jpg 1 949.0 725.0 1129.0 1141.0 
data/image/000540.jpg 2 1313.0 1059.0 1979.0 1970.0 
data/image/000541.jpg 1 915.0 730.0 1147.0 1129.0 
data/image/000541.jpg 2 1346.0 1039.0 1976.0 1943.0 
data/image/000542.jpg 1 933.0 780.0 1142.0 1118.0 
data/image/000542.jpg 2 1335.0 1072.0 1988.0 1954.0 
data/image/000543.jpg 1 931.0 768.0 1133.0 1125.0 
data/image/000543.jpg 2 1338.0 1057.0 2013.0 1929.0 
data/image/000547.jpg 3 670.0 972.0 1704.0 2138.0 
data/image/000547.jpg 0 890.0 98.0 1126.0 1489.0 
data/image/000547.jpg 2 858.0 273.0 1624.0 954.0 
data/image/000548.jpg 0 897.0 100.0 1129.0 1457.0 
data/image/000548.jpg 3 749.0 977.0 1733.0 2131.0 
data/image/000548.jpg 2 853.0 311.0 1617.0 941.0 
data/image/000549.jpg 0 899.0 97.0 1085.0 1422.0 
data/image/000549.jpg 2 869.0 281.0 1608.0 964.0 
data/image/000549.jpg 3 760.0 972.0 1669.0 2152.0 
data/image/000550.jpg 0 947.0 100.0 1149.0 1438.0 
data/image/000550.jpg 3 737.0 957.0 1683.0 2161.0 
data/image/000550.jpg 2 844.0 295.0 1556.0 932.0 
data/image/000551.jpg 2 338.0 984.0 1106.0 1709.0 
data/image/000551.jpg 2 1258.0 863.0 2140.0 1613.0 
data/image/000551.jpg 1 631.0 432.0 965.0 668.0 
data/image/000551.jpg 1 1120.0 488.0 1572.0 795.0 
data/image/000552.jpg 1 638.0 423.0 999.0 709.0 
data/image/000552.jpg 1 1124.0 502.0 1515.0 795.0 
data/image/000552.jpg 2 322.0 991.0 1138.0 1677.0 
data/image/000552.jpg 2 1281.0 857.0 2153.0 1595.0 
data/image/000554.jpg 2 299.0 1009.0 1113.0 1772.0 
data/image/000554.jpg 2 1413.0 857.0 2301.0 1686.0 
data/image/000554.jpg 1 585.0 430.0 890.0 668.0 
data/image/000554.jpg 1 1253.0 484.0 1690.0 795.0 
data/image/000555.jpg 1 603.0 438.0 851.0 643.0 
data/image/000555.jpg 1 1292.0 479.0 1715.0 795.0 
data/image/000555.jpg 2 281.0 980.0 1145.0 1766.0 
data/image/000555.jpg 2 1460.0 857.0 2329.0 1707.0 
data/image/000557.jpg 2 1069.0 886.0 1704.0 1616.0 
data/image/000557.jpg 2 1444.0 1014.0 2304.0 1723.0 
data/image/000557.jpg 1 1497.0 620.0 1762.0 870.0 
data/image/000557.jpg 1 1551.0 329.0 1953.0 636.0 
data/image/000558.jpg 2 747.0 895.0 1453.0 1579.0 
data/image/000558.jpg 2 1558.0 1013.0 2374.0 1748.0 
data/image/000558.jpg 1 1258.0 632.0 1546.0 882.0 
data/image/000558.jpg 1 1728.0 366.0 2104.0 673.0 
data/image/000559.jpg 2 506.0 916.0 1244.0 1555.0 
data/image/000559.jpg 2 1562.0 1011.0 2372.0 1718.0 
data/image/000559.jpg 1 1060.0 623.0 1363.0 875.0 
data/image/000559.jpg 1 1890.0 375.0 2133.0 643.0 
data/image/000560.jpg 2 512.0 911.0 1228.0 1539.0 
data/image/000560.jpg 2 1567.0 1031.0 2362.0 1734.0 
data/image/000560.jpg 1 1017.0 609.0 1340.0 891.0 
data/image/000560.jpg 1 1890.0 366.0 2156.0 661.0 
data/image/000561.jpg 2 474.0 925.0 1188.0 1570.0 
data/image/000561.jpg 2 1560.0 1023.0 2347.0 1729.0 
data/image/000561.jpg 1 1015.0 623.0 1337.0 907.0 
data/image/000561.jpg 1 1885.0 384.0 2128.0 638.0 
data/image/000563.jpg 1 863.0 604.0 1244.0 879.0 
data/image/000563.jpg 1 1944.0 404.0 2120.0 639.0 
data/image/000563.jpg 2 392.0 911.0 1037.0 1564.0 
data/image/000563.jpg 2 1565.0 1029.0 2313.0 1732.0 
data/image/000566.jpg 2 267.0 913.0 910.0 1607.0 
data/image/000566.jpg 2 1524.0 1032.0 2253.0 1722.0 
data/image/000566.jpg 1 756.0 589.0 1149.0 877.0 
data/image/000566.jpg 1 1967.0 386.0 2126.0 663.0 
data/image/000567.jpg 2 281.0 880.0 890.0 1605.0 
data/image/000567.jpg 2 1490.0 1048.0 2215.0 1764.0 
data/image/000567.jpg 1 729.0 586.0 1113.0 925.0 
data/image/000567.jpg 1 1969.0 407.0 2090.0 655.0 
data/image/000568.jpg 2 272.0 905.0 840.0 1593.0 
data/image/000568.jpg 2 1460.0 1036.0 2183.0 1713.0 
data/image/000568.jpg 1 706.0 575.0 1076.0 900.0 
data/image/000568.jpg 1 1988.0 397.0 2101.0 670.0 
data/image/000569.jpg 2 253.0 916.0 820.0 1593.0 
data/image/000569.jpg 2 1496.0 1031.0 2229.0 1714.0 
data/image/000569.jpg 1 685.0 595.0 1045.0 873.0 
data/image/000569.jpg 1 1992.0 402.0 2104.0 686.0 
data/image/000570.jpg 2 181.0 905.0 803.0 1629.0 
data/image/000570.jpg 2 1490.0 1038.0 2176.0 1707.0 
data/image/000570.jpg 1 679.0 595.0 1067.0 864.0 
data/image/000570.jpg 1 1974.0 384.0 2078.0 630.0 
data/image/000572.jpg 2 188.0 913.0 712.0 1598.0 
data/image/000572.jpg 2 1458.0 1048.0 2149.0 1700.0 
data/image/000572.jpg 1 603.0 577.0 992.0 877.0 
data/image/000572.jpg 1 2003.0 398.0 2070.0 684.0 
data/image/000573.jpg 2 167.0 888.0 704.0 1641.0 
data/image/000573.jpg 2 1492.0 1031.0 2079.0 1670.0 
data/image/000573.jpg 1 620.0 598.0 1001.0 898.0 
data/image/000574.jpg 2 153.0 922.0 699.0 1607.0 
data/image/000574.jpg 2 1496.0 1007.0 2079.0 1684.0 
data/image/000574.jpg 1 588.0 586.0 981.0 854.0 
data/image/000575.jpg 2 133.0 902.0 633.0 1620.0 
data/image/000575.jpg 2 1471.0 1039.0 2029.0 1675.0 
data/image/000575.jpg 1 549.0 579.0 906.0 864.0 
data/image/000577.jpg 1 413.0 400.0 710.0 632.0 
data/image/000577.jpg 1 1288.0 664.0 1729.0 939.0 
data/image/000577.jpg 2 337.0 1254.0 1163.0 1916.0 
data/image/000577.jpg 2 1499.0 1082.0 2192.0 1850.0 
data/image/000580.jpg 2 376.0 1057.0 840.0 1827.0 
data/image/000580.jpg 2 1378.0 1293.0 2051.0 1825.0 
data/image/000580.jpg 1 688.0 707.0 1031.0 952.0 
data/image/000581.jpg 1 510.0 914.0 890.0 1186.0 
data/image/000581.jpg 0 1167.0 1261.0 2345.0 1559.0 
data/image/000584.jpg 3 570.0 1348.0 1797.0 1941.0 
data/image/000587.jpg 3 770.0 761.0 1869.0 1773.0 
data/image/000587.jpg 1 1090.0 541.0 1529.0 789.0 
data/image/000588.jpg 3 795.0 759.0 1908.0 1775.0 
data/image/000588.jpg 1 1090.0 531.0 1551.0 814.0 
data/image/000589.jpg 3 754.0 738.0 1951.0 1775.0 
data/image/000589.jpg 1 1219.0 531.0 1608.0 800.0 
data/image/000590.jpg 3 1106.0 748.0 1953.0 1741.0 
data/image/000590.jpg 1 1440.0 552.0 1745.0 805.0 
data/image/000591.jpg 3 1179.0 730.0 1929.0 1739.0 
data/image/000591.jpg 1 1513.0 545.0 1728.0 777.0 
data/image/000593.jpg 1 981.0 1081.0 1360.0 1352.0 
data/image/000594.jpg 3 454.0 348.0 1281.0 1798.0 
data/image/000598.jpg 1 323.0 904.0 541.0 1241.0 
data/image/000599.jpg 1 1091.0 1093.0 1390.0 1317.0 
data/image/000701.jpg 2 350.0 1075.0 1165.0 1906.0 
data/image/000701.jpg 1 1613.0 700.0 1821.0 1120.0 
data/image/000703.jpg 2 367.0 1033.0 1191.0 1873.0 
data/image/000703.jpg 1 1603.0 750.0 1775.0 1120.0 
data/image/000704.jpg 2 361.0 1068.0 1135.0 1883.0 
data/image/000704.jpg 1 1608.0 733.0 1761.0 1142.0 
data/image/000706.jpg 2 364.0 1050.0 1107.0 1899.0 
data/image/000706.jpg 1 1590.0 739.0 1783.0 1132.0 
data/image/000707.jpg 1 1588.0 737.0 1781.0 1130.0 
data/image/000707.jpg 2 403.0 1073.0 1148.0 1898.0 
data/image/000709.jpg 2 355.0 1043.0 1181.0 1876.0 
data/image/000709.jpg 1 1594.0 722.0 1791.0 1149.0 
data/image/000710.jpg 1 1592.0 720.0 1789.0 1147.0 
data/image/000710.jpg 2 345.0 1063.0 1177.0 1879.0 
data/image/000711.jpg 2 370.0 1065.0 1131.0 1878.0 
data/image/000711.jpg 1 1560.0 750.0 1781.0 1126.0 
data/image/000713.jpg 2 403.0 1073.0 1170.0 1899.0 
data/image/000713.jpg 1 1564.0 725.0 1753.0 1133.0 
data/image/000714.jpg 1 1562.0 723.0 1751.0 1131.0 
data/image/000714.jpg 2 364.0 1062.0 1224.0 1930.0 
data/image/000716.jpg 3 693.0 863.0 1846.0 1616.0 
data/image/000716.jpg 1 540.0 1088.0 845.0 1326.0 
data/image/000718.jpg 3 718.0 871.0 1872.0 1618.0 
data/image/000718.jpg 1 501.0 1098.0 848.0 1335.0 
data/image/000719.jpg 1 497.0 1053.0 885.0 1306.0 
data/image/000719.jpg 3 774.0 860.0 1840.0 1603.0 
data/image/000720.jpg 3 772.0 858.0 1838.0 1601.0 
data/image/000720.jpg 1 511.0 1110.0 867.0 1309.0 
data/image/000721.jpg 1 513.0 1103.0 874.0 1345.0 
data/image/000721.jpg 3 818.0 873.0 1807.0 1618.0 
data/image/000724.jpg 1 505.0 1089.0 914.0 1316.0 
data/image/000724.jpg 3 880.0 883.0 1807.0 1616.0 
data/image/000726.jpg 1 553.0 1103.0 911.0 1298.0 
data/image/000726.jpg 3 934.0 863.0 1760.0 1595.0 
data/image/000728.jpg 1 531.0 1102.0 950.0 1320.0 
data/image/000728.jpg 3 1003.0 883.0 1757.0 1609.0 
data/image/000729.jpg 1 1054.0 1095.0 1413.0 1320.0 
data/image/000729.jpg 3 1225.0 892.0 1811.0 1650.0 
data/image/000730.jpg 3 1223.0 890.0 1809.0 1648.0 
data/image/000730.jpg 1 1110.0 1098.0 1438.0 1350.0 
data/image/000731.jpg 1 1147.0 1093.0 1458.0 1328.0 
data/image/000731.jpg 3 1181.0 870.0 1867.0 1643.0 
data/image/000732.jpg 1 1854.0 1109.0 2171.0 1358.0 
data/image/000732.jpg 3 777.0 900.0 1980.0 1645.0 
data/image/000733.jpg 3 775.0 898.0 1978.0 1643.0 
data/image/000733.jpg 1 1861.0 1106.0 2168.0 1360.0 
data/image/000734.jpg 1 1835.0 1096.0 2148.0 1399.0 
data/image/000734.jpg 3 773.0 915.0 1994.0 1612.0 
data/image/000735.jpg 3 757.0 888.0 1913.0 1606.0 
data/image/000735.jpg 1 1827.0 1082.0 2185.0 1366.0 
data/image/000736.jpg 1 1790.0 1089.0 2190.0 1352.0 
data/image/000736.jpg 3 784.0 923.0 1958.0 1610.0 
data/image/000738.jpg 1 1788.0 1096.0 2180.0 1376.0 
data/image/000738.jpg 3 783.0 899.0 1908.0 1639.0 
data/image/000740.jpg 1 1798.0 1095.0 2157.0 1363.0 
data/image/000740.jpg 3 770.0 910.0 1893.0 1643.0 
data/image/000741.jpg 1 1807.0 1095.0 2165.0 1373.0 
data/image/000741.jpg 3 813.0 893.0 1855.0 1636.0 
data/image/000742.jpg 1 1783.0 1083.0 2131.0 1356.0 
data/image/000742.jpg 3 811.0 932.0 1858.0 1626.0 
data/image/000744.jpg 1 1784.0 1095.0 2121.0 1369.0 
data/image/000744.jpg 3 821.0 933.0 1748.0 1605.0 
data/image/000746.jpg 3 809.0 906.0 1766.0 1604.0 
data/image/000746.jpg 1 1737.0 1099.0 2125.0 1363.0 
data/image/000747.jpg 1 1741.0 1108.0 2130.0 1378.0 
data/image/000747.jpg 3 837.0 930.0 1757.0 1636.0 
data/image/000751.jpg 3 630.0 1146.0 1675.0 1990.0 
data/image/000751.jpg 1 1903.0 458.0 2284.0 672.0 
data/image/000752.jpg 1 1911.0 448.0 2307.0 665.0 
data/image/000752.jpg 3 628.0 1143.0 1690.0 1999.0 
data/image/000753.jpg 1 1991.0 476.0 2341.0 670.0 
data/image/000753.jpg 3 544.0 1150.0 1654.0 1992.0 
data/image/000754.jpg 3 542.0 1148.0 1652.0 1990.0 
data/image/000754.jpg 1 2007.0 476.0 2334.0 653.0 
data/image/000755.jpg 1 478.0 572.0 781.0 702.0 
data/image/000755.jpg 3 998.0 1186.0 2325.0 2025.0 
data/image/000756.jpg 3 996.0 1184.0 2323.0 2023.0 
data/image/000756.jpg 1 447.0 560.0 785.0 732.0 
data/image/000757.jpg 1 420.0 556.0 748.0 709.0 
data/image/000757.jpg 3 998.0 1179.0 2354.0 2030.0 
data/image/000759.jpg 1 390.0 536.0 690.0 709.0 
data/image/000759.jpg 3 1004.0 1159.0 2475.0 2048.0 
data/image/000760.jpg 3 1002.0 1157.0 2473.0 2046.0 
data/image/000760.jpg 1 371.0 559.0 690.0 705.0 
data/image/000761.jpg 1 344.0 520.0 655.0 728.0 
data/image/000761.jpg 3 993.0 1173.0 2494.0 2043.0 
data/image/000763.jpg 1 352.0 896.0 530.0 1242.0 
data/image/000765.jpg 1 1090.0 696.0 1460.0 904.0 
data/image/000769.jpg 1 1007.0 1041.0 1262.0 1370.0 
data/image/000770.jpg 1 796.0 1228.0 1060.0 1475.0 
data/image/000771.jpg 1 893.0 1291.0 1237.0 1529.0 
data/image/000772.jpg 1 1117.0 1105.0 1453.0 1368.0 
data/image/000773.jpg 1 1116.0 1108.0 1396.0 1343.0 
data/image/000774.jpg 1 850.0 863.0 1166.0 1113.0 
data/image/000775.jpg 1 563.0 931.0 820.0 1244.0 
data/image/000777.jpg 1 1292.0 780.0 1631.0 1026.0 
data/image/000778.jpg 1 691.0 443.0 980.0 777.0 
data/image/000779.jpg 1 728.0 470.0 935.0 740.0 
data/image/000780.jpg 1 616.0 418.0 868.0 729.0 
data/image/000781.jpg 1 1563.0 763.0 1743.0 1135.0 
data/image/000781.jpg 2 373.0 1049.0 1158.0 1896.0 
data/image/000783.jpg 1 1520.0 723.0 1727.0 1109.0 
data/image/000783.jpg 2 381.0 1068.0 1147.0 1893.0 
data/image/000786.jpg 1 898.0 740.0 1161.0 1140.0 
data/image/000786.jpg 2 1477.0 1029.0 2297.0 1892.0 
data/image/000790.jpg 1 907.0 733.0 1207.0 1143.0 
data/image/000790.jpg 2 1557.0 1085.0 2225.0 1840.0 
data/image/000791.jpg 2 1555.0 1083.0 2223.0 1838.0 
data/image/000791.jpg 1 924.0 739.0 1147.0 1128.0 
data/image/000794.jpg 1 941.0 740.0 1190.0 1143.0 
data/image/000794.jpg 2 1511.0 1079.0 2235.0 1865.0 
data/image/000795.jpg 2 1509.0 1077.0 2233.0 1863.0 
data/image/000795.jpg 1 970.0 728.0 1174.0 1110.0 
data/image/000800.jpg 1 554.0 1109.0 840.0 1282.0 
data/image/000800.jpg 3 604.0 848.0 1883.0 1595.0 
data/image/000801.jpg 1 524.0 1092.0 834.0 1310.0 
data/image/000801.jpg 3 690.0 860.0 1914.0 1622.0 
data/image/000803.jpg 1 571.0 1088.0 1004.0 1319.0 
data/image/000803.jpg 3 984.0 1058.0 1740.0 1620.0 
data/image/000805.jpg 1 1183.0 1093.0 1471.0 1313.0 
data/image/000805.jpg 3 1183.0 890.0 1903.0 1658.0 
data/image/000809.jpg 1 1691.0 1082.0 2071.0 1329.0 
data/image/000809.jpg 3 883.0 890.0 1730.0 1662.0 
data/image/000810.jpg 1 1677.0 1056.0 2120.0 1355.0 
data/image/000810.jpg 3 891.0 929.0 1684.0 1669.0 
data/image/000812.jpg 1 1275.0 1079.0 1538.0 1316.0 
data/image/000812.jpg 3 910.0 909.0 1501.0 1648.0 
data/image/000813.jpg 1 1241.0 1070.0 1581.0 1310.0 
data/image/000813.jpg 3 887.0 913.0 1473.0 1635.0 
data/image/000814.jpg 1 1228.0 1080.0 1508.0 1300.0 
data/image/000814.jpg 3 848.0 896.0 1495.0 1632.0 
data/image/000815.jpg 1 1197.0 1086.0 1490.0 1328.0 
data/image/000815.jpg 3 865.0 916.0 1518.0 1620.0 
data/image/000816.jpg 1 2050.0 472.0 2353.0 660.0 
data/image/000816.jpg 3 505.0 1129.0 1644.0 1998.0 
data/image/000817.jpg 1 2073.0 468.0 2378.0 665.0 
data/image/000817.jpg 3 467.0 1125.0 1697.0 1998.0 
data/image/000818.jpg 1 321.0 532.0 600.0 699.0 
data/image/000818.jpg 3 971.0 1159.0 2518.0 2045.0 
data/image/000819.jpg 1 285.0 529.0 565.0 690.0 
data/image/000819.jpg 3 1051.0 1106.0 2550.0 1998.0 
data/image/000820.jpg 1 385.0 914.0 647.0 1159.0 
data/image/000821.jpg 1 569.0 423.0 861.0 656.0 
data/image/000822.jpg 1 642.0 623.0 977.0 928.0 
data/image/000823.jpg 1 939.0 538.0 1237.0 778.0 
data/image/000824.jpg 1 66.0 692.0 490.0 953.0 
data/image/000826.jpg 1 764.0 936.0 1091.0 1156.0 
data/image/000828.jpg 1 733.0 1179.0 991.0 1408.0 
data/image/000831.jpg 1 937.0 1325.0 1178.0 1530.0 
data/image/000832.jpg 1 1064.0 1047.0 1290.0 1303.0 
data/image/000834.jpg 1 953.0 1134.0 1196.0 1361.0 
data/image/000836.jpg 1 1485.0 1009.0 1827.0 1400.0 
data/image/000839.jpg 3 1395.0 1119.0 2103.0 1995.0 
data/image/000841.jpg 1 2095.0 463.0 2408.0 662.0 
data/image/000841.jpg 3 430.0 1140.0 1713.0 1999.0 
data/image/000842.jpg 1 2097.0 473.0 2414.0 665.0 
data/image/000842.jpg 3 418.0 1130.0 1643.0 1960.0 
data/image/000843.jpg 1 2045.0 542.0 2290.0 726.0 
data/image/000843.jpg 3 141.0 1129.0 1463.0 1996.0 
data/image/000844.jpg 1 1985.0 548.0 2248.0 752.0 
data/image/000844.jpg 3 138.0 1132.0 1450.0 1979.0 
data/image/000845.jpg 1 425.0 1070.0 706.0 1269.0 
data/image/000846.jpg 1 993.0 1063.0 1320.0 1269.0 
data/image/000847.jpg 1 1172.0 409.0 1470.0 645.0 
data/image/000848.jpg 1 1187.0 369.0 1563.0 575.0 
data/image/000850.jpg 1 747.0 595.0 1012.0 723.0 
data/image/000851.jpg 1 663.0 443.0 1014.0 676.0 
data/image/000851.jpg 1 1057.0 479.0 1405.0 772.0 
data/image/000851.jpg 2 375.0 995.0 1145.0 1675.0 
data/image/000851.jpg 2 1165.0 845.0 2093.0 1640.0 
data/image/000852.jpg 1 671.0 446.0 1004.0 679.0 
data/image/000852.jpg 1 1087.0 492.0 1447.0 762.0 
data/image/000852.jpg 2 353.0 980.0 1110.0 1729.0 
data/image/000852.jpg 2 1183.0 860.0 2058.0 1712.0 
data/image/000854.jpg 1 610.0 423.0 911.0 638.0 
data/image/000854.jpg 1 1165.0 478.0 1620.0 802.0 
data/image/000854.jpg 2 295.0 956.0 1154.0 1768.0 
data/image/000854.jpg 2 1311.0 840.0 2220.0 1728.0 
data/image/000855.jpg 1 603.0 430.0 895.0 662.0 
data/image/000855.jpg 1 1215.0 495.0 1641.0 778.0 
data/image/000855.jpg 2 367.0 948.0 1164.0 1726.0 
data/image/000855.jpg 2 1341.0 833.0 2284.0 1742.0 
data/image/000857.jpg 1 588.0 433.0 853.0 652.0 
data/image/000857.jpg 1 1285.0 483.0 1730.0 812.0 
data/image/000857.jpg 2 274.0 950.0 1123.0 1772.0 
data/image/000857.jpg 2 1477.0 849.0 2338.0 1739.0 
data/image/000858.jpg 1 575.0 413.0 844.0 666.0 
data/image/000858.jpg 1 1334.0 479.0 1757.0 799.0 
data/image/000858.jpg 2 258.0 999.0 1120.0 1792.0 
data/image/000858.jpg 2 1494.0 868.0 2368.0 1738.0 
data/image/000859.jpg 1 691.0 359.0 900.0 609.0 
data/image/000859.jpg 1 2001.0 570.0 2320.0 839.0 
data/image/000859.jpg 2 874.0 922.0 1310.0 1792.0 
data/image/000859.jpg 2 2311.0 896.0 2447.0 1699.0 
data/image/000860.jpg 1 698.0 363.0 918.0 618.0 
data/image/000860.jpg 1 2011.0 553.0 2317.0 846.0 
data/image/000860.jpg 2 867.0 910.0 1333.0 1775.0 
data/image/000860.jpg 2 2280.0 900.0 2448.0 1688.0 
data/image/000861.jpg 1 765.0 349.0 1101.0 598.0 
data/image/000861.jpg 1 2034.0 588.0 2290.0 832.0 
data/image/000861.jpg 2 2137.0 880.0 2401.0 1656.0 
data/image/000861.jpg 2 1078.0 993.0 1390.0 1835.0 
data/image/000862.jpg 1 824.0 360.0 1124.0 589.0 
data/image/000862.jpg 1 2064.0 589.0 2235.0 858.0 
data/image/000862.jpg 2 2094.0 889.0 2403.0 1649.0 
data/image/000862.jpg 2 1151.0 990.0 1457.0 1833.0 
data/image/000863.jpg 1 1281.0 610.0 1570.0 880.0 
data/image/000863.jpg 1 1735.0 365.0 2083.0 636.0 
data/image/000863.jpg 2 807.0 885.0 1508.0 1663.0 
data/image/000863.jpg 2 1524.0 1033.0 2394.0 1763.0 
data/image/000864.jpg 1 1135.0 593.0 1441.0 882.0 
data/image/000864.jpg 1 1817.0 360.0 2115.0 632.0 
data/image/000864.jpg 2 620.0 900.0 1358.0 1692.0 
data/image/000864.jpg 2 1553.0 1028.0 2380.0 1743.0 
data/image/000866.jpg 1 1070.0 630.0 1437.0 900.0 
data/image/000866.jpg 1 1841.0 365.0 2144.0 639.0 
data/image/000866.jpg 2 537.0 886.0 1285.0 1795.0 
data/image/000866.jpg 2 1521.0 995.0 2390.0 1765.0 
data/image/000868.jpg 1 955.0 599.0 1287.0 879.0 
data/image/000868.jpg 1 1928.0 372.0 2148.0 672.0 
data/image/000868.jpg 2 415.0 890.0 1154.0 1678.0 
data/image/000868.jpg 2 1504.0 1009.0 2385.0 1805.0 
data/image/000869.jpg 1 404.0 413.0 731.0 658.0 
data/image/000869.jpg 1 1160.0 660.0 1637.0 920.0 
data/image/000869.jpg 2 345.0 1239.0 1318.0 1909.0 
data/image/000869.jpg 2 1284.0 1069.0 2128.0 1839.0 
data/image/000870.jpg 1 897.0 373.0 1114.0 620.0 
data/image/000870.jpg 1 2077.0 702.0 2304.0 958.0 
data/image/000870.jpg 2 825.0 1276.0 1467.0 1940.0 
data/image/000870.jpg 2 2077.0 1043.0 2305.0 1870.0 
data/image/000871.jpg 1 1578.0 356.0 2030.0 592.0 
data/image/000871.jpg 1 1828.0 709.0 2088.0 1000.0 
data/image/000871.jpg 2 1353.0 1240.0 2150.0 1970.0 
data/image/000872.jpg 1 1703.0 365.0 2138.0 598.0 
data/image/000872.jpg 1 1674.0 743.0 1951.0 989.0 
data/image/000872.jpg 2 1253.0 1120.0 1740.0 1795.0 
data/image/000872.jpg 2 1438.0 1299.0 2150.0 1866.0 
data/image/000873.jpg 1 1487.0 705.0 1824.0 968.0 
data/image/000873.jpg 1 1838.0 416.0 2237.0 615.0 
data/image/000873.jpg 2 987.0 1120.0 1683.0 1789.0 
data/image/000873.jpg 2 1504.0 1268.0 2283.0 1889.0 
data/image/000874.jpg 1 1254.0 728.0 1627.0 965.0 
data/image/000874.jpg 1 1941.0 402.0 2321.0 655.0 
data/image/000874.jpg 2 771.0 1043.0 1484.0 1800.0 
data/image/000874.jpg 2 1488.0 1253.0 2305.0 1888.0 
data/image/000877.jpg 1 1038.0 763.0 1411.0 1008.0 
data/image/000877.jpg 1 1985.0 428.0 2254.0 655.0 
data/image/000877.jpg 2 573.0 1049.0 1234.0 1796.0 
data/image/000877.jpg 2 1441.0 1275.0 2264.0 1878.0 
data/image/000878.jpg 1 770.0 709.0 1153.0 979.0 
data/image/000878.jpg 1 1440.0 720.0 1674.0 1083.0 
data/image/000878.jpg 3 410.0 543.0 1138.0 1879.0 
data/image/000878.jpg 3 1077.0 773.0 2297.0 1849.0 
data/image/000879.jpg 1 1004.0 708.0 1163.0 1032.0 
data/image/000879.jpg 1 1544.0 722.0 1901.0 1016.0 
data/image/000879.jpg 3 327.0 776.0 1590.0 1843.0 
data/image/000879.jpg 3 1585.0 658.0 2230.0 1860.0 
data/image/000882.jpg 3 1168.0 1345.0 2023.0 1969.0 
data/image/000884.jpg 3 527.0 1333.0 1740.0 2119.0 
data/image/000886.jpg 3 971.0 1318.0 1537.0 2116.0 
data/image/000888.jpg 3 787.0 503.0 1497.0 1703.0 
data/image/000889.jpg 3 745.0 506.0 1390.0 1715.0 
data/image/000890.jpg 3 753.0 972.0 1998.0 2090.0 
data/image/000890.jpg 2 880.0 188.0 1680.0 932.0 
data/image/000890.jpg 0 1728.0 183.0 2013.0 1370.0 
data/image/000891.jpg 3 755.0 963.0 1971.0 2098.0 
data/image/000891.jpg 2 927.0 220.0 1711.0 928.0 
data/image/000891.jpg 0 1705.0 196.0 1953.0 1395.0 
data/image/000892.jpg 3 998.0 978.0 1834.0 2083.0 
data/image/000892.jpg 2 1074.0 195.0 1778.0 955.0 
data/image/000892.jpg 0 1455.0 219.0 1694.0 1429.0 
data/image/000895.jpg 3 394.0 1050.0 1490.0 1800.0 
data/image/000895.jpg 3 1484.0 400.0 2195.0 1899.0 
data/image/000897.jpg 3 1000.0 403.0 1618.0 1870.0 
data/image/000900.jpg 3 893.0 802.0 1470.0 1798.0 
data/image/000900.jpg 3 1344.0 432.0 1891.0 2073.0