data/image/000005.jpg 3 948.0 1307.0 2092.0 2104.0
data/image/000005.jpg 3 948.0 1307.0 2092.0 2104.0
data/image/000005.jpg 3 948.0 1307.0 2092.0 2104.0
data/image/000005.jpg 3 948.0 1307.0 2092.0 2104.0
data/image/000005.jpg 3 948.0 1307.0 2092.0 2104.0
data/image/000005.jpg 3 948.0 1307.0 2092.0 2104.0
data/image/000005.jpg 3 948.0 1307.0 2092.0 2104.0
data/image/000005.jpg 3 948.0 1307.0 2092.0 2104.0
data/image/000005.jpg 3 948.0 1307.0 2092.0 2104.0
data/image/000005.jpg 3 948.0 1307.0 2092.0 2104.0
data/image/000005.jpg 3 948.0 1307.0 2092.0 2104.0
data/image/000005.jpg 3 948.0 1307.0 2092.0 2104.0
data/image/000005.jpg 3 948.0 1307.0 2092.0 2104.0
data/image/000005.jpg 3 948.0 1307.0 2092.0 2104.0
data/image/000005.jpg 3 948.0 1307.0 2092.0 2104.0
data/image/000005.jpg 3 948.0 1307.0 2092.0 2104.0
data/image/000005.jpg 3 948.0 1307.0 2092.0 2104.0
data/image/000005.jpg 3 948.0 1307.0 2092.0 2104.0
data/image/000005.jpg 3 948.0 1307.0 2092.0 2104.0
data/image/000005.jpg 3 948.0 1307.0 2092.0 2104.0
data/image/000005.jpg 3 948.0 1307.0 2092.0 2104.0
data/image/000005.jpg 3 948.0 1307.0 2092.0 2104.0
data/image/000005.jpg 3 948.0 1307.0 2092.0 2104.0
data/image/000005.jpg 4 1983.744 1048.32 2151.4 1172.968
data/image/000005.jpg 4 1827.84 1591.296 1941.736 1758.952
data/image/000005.jpg 4 2145.024 537.6 2355.688 1065.448
data/image/000005.jpg 4 1881.6 1585.92 2017.0 1721.32
data/image/000005.jpg 4 1021.44 1860.096 1328.872 1979.368
data/image/000005.jpg 4 1881.6 123.648 2124.52 404.2
data/image/000005.jpg 4 1521.408 897.792 2140.648 1420.264
data/image/000005.jpg 4 1306.368 1478.4 1452.52 1629.928
data/image/000005.jpg 4 1026.816 1865.472 1307.368 1979.368
data/image/000005.jpg 4 349.44 1763.328 619.24 2043.88
data/image/000005.jpg 4 1747.2 376.32 1866.472 511.72
data/image/000005.jpg 4 1048.32 43.008 1183.72 248.296
data/image/000005.jpg 4 1639.68 107.52 1801.96 237.544
data/image/000005.jpg 4 548.352 387.072 699.88 635.368
data/image/000005.jpg 4 1661.184 376.32 1893.352 742.888
data/image/000005.jpg 4 1021.44 1795.584 1172.968 1952.488
data/image/000005.jpg 4 1688.064 1026.816 2237.416 1409.512
data/image/000005.jpg 4 215.04 1602.048 345.064 1796.584
data/image/000005.jpg 4 548.352 387.072 780.52 635.368
data/image/000005.jpg 4 1817.088 311.808 2253.544 640.744
data/image/000005.jpg 4 870.912 0.0 2323.432 1420.264
data/image/000005.jpg 4 1827.84 0.0 2344.936 834.28
data/image/000005.jpg 4 2327.808 1102.08 2538.472 1871.848
data/image/000007.jpg 3 971.0 1345.0 2046.0 2086.0
data/image/000007.jpg 3 971.0 1345.0 2046.0 2086.0
data/image/000007.jpg 3 971.0 1345.0 2046.0 2086.0
data/image/000007.jpg 3 971.0 1345.0 2046.0 2086.0
data/image/000007.jpg 3 971.0 1345.0 2046.0 2086.0
data/image/000007.jpg 3 971.0 1345.0 2046.0 2086.0
data/image/000007.jpg 3 971.0 1345.0 2046.0 2086.0
data/image/000007.jpg 3 971.0 1345.0 2046.0 2086.0
data/image/000007.jpg 3 971.0 1345.0 2046.0 2086.0
data/image/000007.jpg 3 971.0 1345.0 2046.0 2086.0
data/image/000007.jpg 3 971.0 1345.0 2046.0 2086.0
data/image/000007.jpg 3 971.0 1345.0 2046.0 2086.0
data/image/000007.jpg 3 971.0 1345.0 2046.0 2086.0
data/image/000007.jpg 3 971.0 1345.0 2046.0 2086.0
data/image/000007.jpg 3 971.0 1345.0 2046.0 2086.0
data/image/000007.jpg 3 971.0 1345.0 2046.0 2086.0
data/image/000007.jpg 3 971.0 1345.0 2046.0 2086.0
data/image/000007.jpg 3 971.0 1345.0 2046.0 2086.0
data/image/000007.jpg 3 971.0 1345.0 2046.0 2086.0
data/image/000007.jpg 3 971.0 1345.0 2046.0 2086.0
data/image/000007.jpg 3 971.0 1345.0 2046.0 2086.0
data/image/000007.jpg 3 971.0 1345.0 2046.0 2086.0
data/image/000007.jpg 3 971.0 1345.0 2046.0 2086.0
data/image/000007.jpg 3 971.0 1345.0 2046.0 2086.0
data/image/000007.jpg 3 971.0 1345.0 2046.0 2086.0
data/image/000007.jpg 3 971.0 1345.0 2046.0 2086.0
data/image/000007.jpg 3 971.0 1345.0 2046.0 2086.0
data/image/000007.jpg 3 971.0 1345.0 2046.0 2086.0
data/image/000007.jpg 3 971.0 1345.0 2046.0 2086.0
data/image/000007.jpg 4 1989.12 1064.448 2221.288 1210.6
data/image/000007.jpg 4 1843.968 1521.408 2086.888 1844.968
data/image/000007.jpg 4 1967.616 172.032 2097.64 425.704
data/image/000007.jpg 4 2032.128 263.424 2237.416 543.976
data/image/000007.jpg 4 1790.208 801.024 1941.736 963.304
data/image/000007.jpg 4 999.936 0.0 1785.832 592.36
data/image/000007.jpg 4 220.416 1413.888 339.688 1619.176
data/image/000007.jpg 4 1026.816 284.928 1156.84 597.736
data/image/000007.jpg 4 1048.32 0.0 1694.44 275.176
data/image/000007.jpg 4 924.672 0.0 2000.872 1178.344
data/image/000007.jpg 4 946.176 489.216 1135.336 710.632
data/image/000007.jpg 4 779.52 784.896 1210.6 1662.184
data/image/000007.jpg 4 499.968 1634.304 1011.688 1963.24
data/image/000007.jpg 4 1989.12 1042.944 2436.328 1355.752
data/image/000007.jpg 4 494.592 1634.304 1129.96 1963.24
data/image/000007.jpg 4 1032.192 1860.096 1248.232 1963.24
data/image/000007.jpg 4 1123.584 897.792 1533.16 1307.368
data/image/000007.jpg 4 413.952 1886.976 629.992 2049.256
data/image/000007.jpg 4 1784.832 779.52 2000.872 1022.44
data/image/000007.jpg 4 2118.144 1317.12 2350.312 1619.176
data/image/000007.jpg 4 1725.696 419.328 2076.136 780.52
data/image/000007.jpg 4 1419.264 1069.824 1522.408 1226.728
data/image/000007.jpg 4 962.304 10.752 1140.712 113.896
data/image/000007.jpg 4 1956.864 483.84 2430.952 1775.08
data/image/000007.jpg 4 2010.624 537.6 2361.064 1006.312
data/image/000007.jpg 4 494.592 1634.304 1242.856 1963.24
data/image/000007.jpg 4 241.92 1602.048 737.512 2065.384
data/image/000007.jpg 4 2177.28 548.352 2355.688 963.304
data/image/000007.jpg 4 2231.04 758.016 2361.064 947.176
data/image/000008.jpg 3 996.0 884.0 2089.0 1623.0
data/image/000008.jpg 3 996.0 884.0 2089.0 1623.0
data/image/000008.jpg 3 996.0 884.0 2089.0 1623.0
data/image/000008.jpg 3 996.0 884.0 2089.0 1623.0
data/image/000008.jpg 3 996.0 884.0 2089.0 1623.0
data/image/000008.jpg 3 996.0 884.0 2089.0 1623.0
data/image/000008.jpg 3 996.0 884.0 2089.0 1623.0
data/image/000008.jpg 3 996.0 884.0 2089.0 1623.0
data/image/000008.jpg 3 996.0 884.0 2089.0 1623.0
data/image/000008.jpg 3 996.0 884.0 2089.0 1623.0
data/image/000008.jpg 3 996.0 884.0 2089.0 1623.0
data/image/000008.jpg 3 996.0 884.0 2089.0 1623.0
data/image/000008.jpg 3 996.0 884.0 2089.0 1623.0
data/image/000008.jpg 3 996.0 884.0 2089.0 1623.0
data/image/000008.jpg 3 996.0 884.0 2089.0 1623.0
data/image/000008.jpg 3 996.0 884.0 2089.0 1623.0
data/image/000008.jpg 3 996.0 884.0 2089.0 1623.0
data/image/000008.jpg 3 996.0 884.0 2089.0 1623.0
data/image/000008.jpg 3 996.0 884.0 2089.0 1623.0
data/image/000008.jpg 3 996.0 884.0 2089.0 1623.0
data/image/000008.jpg 3 996.0 884.0 2089.0 1623.0
data/image/000008.jpg 3 996.0 884.0 2089.0 1623.0
data/image/000008.jpg 3 996.0 884.0 2089.0 1623.0
data/image/000008.jpg 3 996.0 884.0 2089.0 1623.0
data/image/000008.jpg 3 996.0 884.0 2089.0 1623.0
data/image/000008.jpg 3 996.0 884.0 2089.0 1623.0
data/image/000008.jpg 3 996.0 884.0 2089.0 1623.0
data/image/000008.jpg 3 996.0 884.0 2089.0 1623.0
data/image/000008.jpg 4 1333.248 844.032 1436.392 1022.44
data/image/000008.jpg 4 413.952 1327.872 812.776 1646.056
data/image/000008.jpg 4 849.408 758.016 1081.576 947.176
data/image/000008.jpg 4 1596.672 585.984 1721.32 748.264
data/image/000008.jpg 4 645.12 241.92 1554.664 812.776
data/image/000008.jpg 4 1677.312 924.672 2049.256 1258.984
data/image/000008.jpg 4 408.576 628.992 678.376 1646.056
data/image/000008.jpg 4 446.208 1478.4 651.496 1608.424
data/image/000008.jpg 4 768.768 1214.976 1345.0 1640.68
data/image/000008.jpg 4 473.088 628.992 576.232 1404.136
data/image/000008.jpg 4 1413.888 741.888 1656.808 1049.32
data/image/000008.jpg 4 510.72 225.792 1108.456 785.896
data/image/000008.jpg 4 1225.728 505.344 1581.544 742.888
data/image/000008.jpg 4 1897.728 779.52 2038.504 904.168
data/image/000008.jpg 4 505.344 0.0 2210.536 624.616
data/image/000008.jpg 4 553.728 397.824 866.536 656.872
data/image/000008.jpg 4 1795.584 774.144 1995.496 904.168
data/image/000008.jpg 4 553.728 483.84 866.536 678.376
data/image/000008.jpg 4 1639.68 53.76 1941.736 269.8
data/image/000008.jpg 4 2021.376 1403.136 2210.536 1603.048
data/image/000008.jpg 4 1994.496 451.584 2183.656 