000005
000007
000008
000012
000027
000028
000031
000035
000039
000042
000047
000048
000053
000054
000056
000059
000060
000062
000064
000069
000076
000078
000085
000090
000091
000092
000093
000096
000098
000100
000101
000104
000105
000111
000112
000116
000119
000126
000131
000132
000134
000138
000142
000143
000145
000146
000147
000148
000155
000159
000160
000164
000168
000170
000176
000177
000179
000183
000186
000188
000189
000192
000193
000401
000402
000403
000404
000405
000408
000413
000419
000420
000426
000427
000430
000435
000437
000438
000446
000449
000450
000452
000455
000458
000463
000465
000466
000472
000473
000474
000478
000481
000499
000504
000507
000509
000513
000514
000515
000520
000523
000526
000528
000529
000530
000533
000538
000541
000542
000543
000548
000550
000551
000552
000557
000558
000559
000566
000570
000572
000574
000575
000577
000581
000589
000590
000591
000593
000594
000598
000701
000703
000707
000709
000711
000713
000716
000718
000724
000726
000730
000731
000732
000733
000740
000741
000752
000756
000757
000759
000760
000763
000769
000770
000773
000778
000779
000780
000781
000783
000786
000790
000791
000794
000795
000805
000813
000815
000816
000818
000819
000820
000822
000832
000843
000844
000845
000846
000847
000850
000851
000854
000855
000857
000859
000860
000866
000870
000872
000874
000878
000886
000890
000891
000892
000897
